participant_code,timestamp,interval,red,green,white,black
20190328_02_1,1528189624970,719165,0,0,1,0
20190328_02_1,1528189625423,453,0,0,0,0
20190328_02_1,1528189626028,605,0,0,0,1
20190328_02_1,1528189626531,503,0,0,0,0
20190328_02_1,1528189627385,854,1,0,0,0
20190328_02_1,1528189627688,303,0,0,0,0
20190328_02_1,1528189627739,51,0,1,0,0
20190328_02_1,1528189628044,305,0,0,0,0
20190328_02_1,1528189628297,253,0,0,1,0
20190328_02_1,1528189628650,353,0,0,0,1
20190328_02_1,1528189629355,705,1,0,0,1
20190328_02_1,1528189629557,202,1,0,0,0
20190328_02_1,1528189629660,103,0,0,0,0
20190328_02_1,1528189631415,1755,1,0,0,0
20190328_02_1,1528189632068,653,0,0,0,0
20190328_02_1,1528189632321,253,0,1,0,0
20190328_02_1,1528189632774,453,0,0,0,0
20190328_02_1,1528189633678,904,0,0,1,0
20190328_02_1,1528189634382,704,0,0,0,0
20190328_02_1,1528189634885,503,1,0,0,0
20190328_02_1,1528189635388,503,1,0,0,1
20190328_02_1,1528189635441,53,0,0,0,1
20190328_02_1,1528189635697,256,0,0,0,0
20190328_02_1,1528189636560,863,0,1,0,0
20190328_02_1,1528189636866,306,0,0,0,0
20190328_02_1,1528189638726,1860,0,0,1,0
20190328_02_1,1528189639082,356,0,0,0,0
20190328_02_1,1528189640688,1606,1,0,0,1
20190328_02_1,1528189640841,153,1,0,0,0
20190328_02_1,1528189640993,152,0,0,0,1
20190328_02_1,1528189641447,454,0,0,0,0
20190328_02_1,1528189642101,654,0,0,1,0
20190328_02_1,1528189642253,152,0,1,1,0
20190328_02_1,1528189642505,252,0,1,0,0
20190328_02_1,1528189642708,203,0,0,0,0
20190328_02_1,1528189645267,2559,0,0,1,0
20190328_02_1,1528189645769,502,0,0,0,0
20190328_02_1,1528189647978,2209,1,0,0,0
20190328_02_1,1528189648331,353,0,0,0,0
20190328_02_1,1528189648433,102,0,0,0,1
20190328_02_1,1528189649037,604,0,0,0,0
20190328_02_1,1528189649289,252,0,0,1,0
20190328_02_1,1528189649991,702,0,0,0,0
20190328_02_1,1528189650544,553,1,0,0,0
20190328_02_1,1528189650848,304,0,0,0,0
20190328_02_1,1528189651151,303,0,1,0,0
20190328_02_1,1528189651304,153,1,1,0,0
20190328_02_1,1528189651406,102,1,0,0,0
20190328_02_1,1528189651508,102,0,0,0,0
20190328_02_1,1528189651564,56,1,1,0,0
20190328_02_1,1528189651968,404,0,1,0,0
20190328_02_1,1528189652121,153,0,0,0,0
20190328_02_1,1528189652425,304,1,1,0,0
20190328_02_1,1528189652678,253,0,0,0,0
20190328_02_1,1528189652881,203,0,1,0,0
20190328_02_1,1528189653134,253,0,0,0,0
20190328_02_1,1528189653185,51,1,0,0,0
20190328_02_1,1528189653388,203,0,1,0,0
20190328_02_1,1528189653641,253,1,0,0,0
20190328_02_1,1528189654045,404,0,0,0,0
20190328_02_1,1528189654197,152,0,1,0,0
20190328_02_1,1528189654550,353,1,0,0,0
20190328_02_1,1528189654902,352,0,0,0,0
20190328_02_1,1528189655355,453,0,0,1,0
20190328_02_1,1528189655407,52,0,0,1,1
20190328_02_1,1528189655660,253,0,0,0,1
20190328_02_1,1528189655713,53,0,0,0,0
20190328_02_1,1528189655815,102,0,0,1,0
20190328_02_1,1528189655867,52,0,0,1,1
20190328_02_1,1528189656070,203,0,0,0,0
20190328_02_1,1528189656172,102,0,0,1,0
20190328_02_1,1528189656224,52,0,0,1,1
20190328_02_1,1528189656426,202,0,0,0,0
20190328_02_1,1528189656578,152,0,0,1,0
20190328_02_1,1528189656781,203,0,0,0,0
20190328_02_1,1528189656882,101,0,0,0,1
20190328_02_1,1528189656985,103,0,0,1,1
20190328_02_1,1528189657087,102,0,0,1,0
20190328_02_1,1528189657138,51,0,0,0,0
20190328_02_1,1528189657241,103,0,0,0,1
20190328_02_1,1528189657293,52,0,0,1,1
20190328_02_1,1528189657445,152,0,0,1,0
20190328_02_1,1528189657497,52,0,0,0,0
20190328_02_1,1528189657949,452,1,1,0,0
20190328_02_1,1528189658151,202,1,0,0,0
20190328_02_1,1528189658202,51,0,0,0,0
20190328_02_1,1528189658658,456,0,1,0,0
20190328_02_1,1528189658710,52,1,1,0,0
20190328_02_1,1528189658913,203,0,0,0,0
20190328_02_1,1528189659416,503,1,0,0,0
20190328_02_1,1528189659569,153,1,1,0,0
20190328_02_1,1528189659723,154,1,0,0,0
20190328_02_1,1528189659826,103,0,0,0,0
20190328_02_1,1528189659979,153,1,0,0,0
20190328_02_1,1528189660232,253,0,0,0,0
20190328_02_1,1528189660384,152,1,0,0,0
20190328_02_1,1528189660537,153,0,0,0,0
20190328_02_1,1528189660790,253,0,1,0,0
20190328_02_1,1528189661043,253,0,0,0,0
20190328_02_1,1528189661245,202,0,1,0,0
20190328_02_1,1528189661451,206,0,0,0,0
20190328_02_1,1528189661505,54,1,0,0,0
20190328_02_1,1528189661662,157,0,1,0,0
20190328_02_1,1528189661765,103,0,0,0,0
20190328_02_1,1528189661867,102,1,0,0,0
20190328_02_1,1528189661970,103,0,0,0,0
20190328_02_1,1528189662021,51,0,1,0,0
20190328_02_1,1528189662073,52,0,0,0,0
20190328_02_1,1528189662124,51,1,0,0,0
20190328_02_1,1528189662276,152,0,0,0,0
20190328_02_1,1528189662680,404,0,0,1,0
20190328_02_1,1528189662833,153,0,0,0,0
20190328_02_1,1528189662934,101,0,0,0,1
20190328_02_1,1528189662985,51,0,0,1,1
20190328_02_1,1528189663188,203,0,0,0,0
20190328_02_1,1528189663340,152,0,0,1,1
20190328_02_1,1528189663591,251,0,0,0,0
20190328_02_1,1528189663743,152,0,0,1,1
20190328_02_1,1528189663946,203,0,0,0,0
20190328_02_1,1528189664047,101,0,0,0,1
20190328_02_1,1528189664100,53,0,0,1,1
20190328_02_1,1528189664253,153,0,0,1,0
20190328_02_1,1528189664305,52,0,0,0,0
20190328_02_1,1528189664458,153,0,0,1,1
20190328_02_1,1528189664611,153,0,0,0,0
20190328_02_1,1528189664763,152,0,0,1,1
20190328_02_1,1528189664866,103,0,0,1,0
20190328_02_1,1528189664918,52,0,0,0,0
20190328_02_1,1528189665019,101,0,0,1,1
20190328_02_1,1528189665172,153,0,0,0,0
20190328_02_1,1528189665628,456,0,1,0,0
20190328_02_1,1528189665929,301,1,1,0,0
20190328_02_1,1528189666031,102,1,0,0,0
20190328_02_1,1528189666133,102,0,0,0,0
20190328_02_1,1528189666386,253,0,1,0,0
20190328_02_1,1528189666437,51,1,1,0,0
20190328_02_1,1528189666639,202,1,0,0,0
20190328_02_1,1528189666690,51,0,0,0,0
20190328_02_1,1528189666993,303,1,0,0,0
20190328_02_1,1528189667096,103,1,1,0,0
20190328_02_1,1528189667248,152,0,0,0,0
20190328_02_1,1528189667501,253,1,0,0,0
20190328_02_1,1528189667553,52,1,1,0,0
20190328_02_1,1528189667754,201,1,0,0,0
20190328_02_1,1528189667807,53,0,0,0,0
20190328_02_1,1528189668109,302,1,1,0,0
20190328_02_1,1528189668261,152,1,0,0,0
20190328_02_1,1528189668313,52,0,0,0,0
20190328_02_1,1528189668666,353,1,0,0,0
20190328_02_1,1528189668718,52,1,1,0,0
20190328_02_1,1528189668920,202,0,0,0,0
20190328_02_1,1528189669221,301,1,0,0,0
20190328_02_1,1528189669274,53,1,1,0,0
20190328_02_1,1528189669426,152,1,0,0,0
20190328_02_1,1528189669478,52,0,0,0,0
20190328_02_1,1528189669681,203,1,0,0,0
20190328_02_1,1528189669884,203,0,0,0,0
20190328_02_1,1528189670037,153,1,1,0,0
20190328_02_1,1528189670240,203,0,0,0,0
20190328_02_1,1528189670443,203,1,1,0,0
20190328_02_1,1528189670596,153,1,0,0,0
20190328_02_1,1528189670648,52,0,0,0,0
20190328_02_1,1528189670801,153,1,1,0,0
20190328_02_1,1528189670953,152,1,0,0,0
20190328_02_1,1528189671055,102,0,0,0,0
20190328_02_1,1528189671106,51,0,1,0,0
20190328_02_1,1528189671208,102,1,1,0,0
20190328_02_1,1528189671309,101,1,0,0,0
20190328_02_1,1528189671362,53,0,0,0,0
20190328_02_1,1528189671514,152,1,1,0,0
20190328_02_1,1528189671565,51,1,0,0,0
20190328_02_1,1528189671668,103,0,0,0,0
20190328_02_1,1528189671771,103,0,1,0,0
20190328_02_1,1528189671824,53,0,0,0,0
20190328_02_1,1528189671877,53,1,0,0,0
20190328_02_1,1528189671979,102,0,0,0,0
20190328_02_1,1528189672031,52,0,1,0,0
20190328_02_1,1528189672083,52,0,0,0,0
20190328_02_1,1528189672135,52,1,0,0,0
20190328_02_1,1528189672287,152,0,1,0,0
20190328_02_1,1528189672390,103,0,0,0,0
20190328_02_1,1528189672492,102,1,0,0,0
20190328_02_1,1528189672544,52,1,1,0,0
20190328_02_1,1528189672746,202,1,0,0,0
20190328_02_1,1528189672799,53,0,0,0,0
20190328_02_1,1528189673052,253,1,1,0,0
20190328_02_1,1528189673305,253,1,0,0,0
20190328_02_1,1528189673358,53,0,0,0,0
20190328_02_1,1528189673510,152,0,1,0,0
20190328_02_1,1528189673563,53,1,1,0,0
20190328_02_1,1528189673764,201,1,0,0,0
20190328_02_1,1528189673817,53,0,0,0,0
20190328_02_1,1528189674019,202,1,1,0,0
20190328_02_1,1528189674222,203,1,0,0,0
20190328_02_1,1528189674274,52,0,0,0,0
20190328_02_1,1528189674527,253,1,1,0,0
20190328_02_1,1528189674678,151,0,1,0,0
20190328_02_1,1528189674730,52,0,0,0,0
20190328_02_1,1528189674932,202,1,1,0,0
20190328_02_1,1528189675134,202,1,0,0,0
20190328_02_1,1528189675186,52,0,0,0,0
20190328_02_1,1528189675338,152,1,0,0,0
20190328_02_1,1528189675391,53,1,1,0,0
20190328_02_1,1528189675493,102,1,0,0,0
20190328_02_1,1528189675545,52,0,0,0,0
20190328_02_1,1528189675697,152,1,0,0,0
20190328_02_1,1528189675900,203,0,0,0,0
20190328_02_1,1528189675952,52,0,1,0,0
20190328_02_1,1528189676004,52,1,1,0,0
20190328_02_1,1528189676106,102,1,0,0,0
20190328_02_1,1528189676158,52,0,0,0,0
20190328_02_1,1528189676310,152,1,0,0,0
20190328_02_1,1528189676363,53,1,1,0,0
20190328_02_1,1528189676465,102,0,0,0,0
20190328_02_1,1528189676618,153,1,0,0,0
20190328_02_1,1528189676670,52,1,1,0,0
20190328_02_1,1528189676773,103,0,0,0,0
20190328_02_1,1528189676925,152,0,1,0,0
20190328_02_1,1528189676977,52,1,1,0,0
20190328_02_1,1528189677079,102,1,0,0,0
20190328_02_1,1528189677130,51,0,0,0,0
20190328_02_1,1528189677232,102,1,1,0,0
20190328_02_1,1528189677385,153,1,0,0,0
20190328_02_1,1528189677437,52,0,0,0,0
20190328_02_1,1528189677540,103,0,1,0,0
20190328_02_1,1528189677592,52,1,1,0,0
20190328_02_1,1528189677694,102,1,0,0,0
20190328_02_1,1528189677746,52,0,0,0,0
20190328_02_1,1528189677899,153,1,1,0,0
20190328_02_1,1528189678001,102,1,0,0,0
20190328_02_1,1528189678053,52,0,0,0,0
20190328_02_1,1528189678205,152,0,1,0,0
20190328_02_1,1528189678257,52,1,1,0,0
20190328_02_1,1528189678359,102,1,0,0,0
20190328_02_1,1528189678411,52,0,0,0,0
20190328_02_1,1528189678512,101,0,1,0,0
20190328_02_1,1528189678714,202,0,0,0,0
20190328_02_1,1528189679017,303,1,1,0,0
20190328_02_1,1528189679269,252,0,0,0,0
20190328_02_1,1528189679572,303,0,1,0,0
20190328_02_1,1528189679825,253,0,0,0,0
20190328_02_1,1528189680077,252,1,0,0,0
20190328_02_1,1528189680130,53,1,1,0,0
20190328_02_1,1528189680281,151,0,0,0,0
20190328_02_1,1528189680484,203,1,1,0,0
20190328_02_1,1528189680686,202,0,0,0,0
20190328_02_1,1528189680838,152,1,0,0,0
20190328_02_1,1528189680891,53,1,1,0,0
20190328_02_1,1528189681042,151,0,1,0,0
20190328_02_1,1528189681095,53,0,0,0,0
20190328_02_1,1528189681248,153,1,1,0,0
20190328_02_1,1528189681450,202,1,0,0,0
20190328_02_1,1528189681503,53,0,0,0,0
20190328_02_1,1528189682007,504,0,0,0,1
20190328_02_1,1528189682060,53,0,0,0,0
20190328_02_1,1528189682112,52,0,0,0,1
20190328_02_1,1528189682166,54,0,0,0,0
20190328_02_1,1528189682369,203,0,0,1,1
20190328_02_1,1528189682571,202,0,0,0,0
20190328_02_1,1528189682674,103,0,0,1,0
20190328_02_1,1528189682826,152,0,0,1,1
20190328_02_1,1528189682979,153,0,0,0,0
20190328_02_1,1528189683291,312,0,0,0,1
20190328_02_1,1528189683544,253,0,0,0,0
20190328_02_1,1528189683696,152,0,0,1,0
20190328_02_1,1528189683898,202,0,0,0,0
20190328_02_1,1528189683951,53,0,0,0,1
20190328_02_1,1528189684154,203,0,0,0,0
20190328_02_1,1528189684307,153,0,0,1,1
20190328_02_1,1528189684459,152,0,0,0,0
20190328_02_1,1528189684612,153,0,0,1,1
20190328_02_1,1528189684714,102,0,0,1,0
20190328_02_1,1528189684817,103,0,0,0,0
20190328_02_1,1528189690133,5316,1,0,0,0
20190328_02_1,1528189690286,153,0,0,0,0
20190328_02_1,1528189690338,52,0,1,0,0
20190328_02_1,1528189690541,203,0,0,0,0
20190328_02_1,1528189690592,51,1,0,0,0
20190328_02_1,1528189690694,102,1,1,0,0
20190328_02_1,1528189690795,101,0,1,0,0
20190328_02_1,1528189690847,52,0,0,0,0
20190328_02_1,1528189690999,152,1,1,0,0
20190328_02_1,1528189691151,152,0,0,0,0
20190328_02_1,1528189691302,151,0,1,0,0
20190328_02_1,1528189691404,102,1,1,0,0
20190328_02_1,1528189691455,51,1,0,0,0
20190328_02_1,1528189691508,53,0,0,0,0
20190328_02_1,1528189691560,52,1,0,0,0
20190328_02_1,1528189691612,52,0,0,0,0
20190328_02_1,1528189691664,52,0,1,0,0
20190328_02_1,1528189691767,103,1,1,0,0
20190328_02_1,1528189691818,51,1,0,0,0
20190328_02_1,1528189691870,52,0,0,0,0
20190328_02_1,1528189691931,61,0,1,0,0
20190328_02_1,1528189692087,156,0,0,0,0
20190328_02_1,1528189692243,156,0,1,0,0
20190328_02_1,1528189692350,107,0,0,0,0
20190328_02_1,1528189692506,156,0,1,0,0
20190328_02_1,1528189692661,155,0,0,0,0
20190328_02_1,1528189692817,156,0,1,0,0
20190328_02_1,1528189692975,158,0,0,0,0
20190328_02_1,1528189693131,156,1,0,0,0
20190328_02_1,1528189693336,205,0,0,0,0
20190328_02_1,1528189693492,156,1,0,0,0
20190328_02_1,1528189693597,105,0,0,0,0
20190328_02_1,1528189693804,207,1,0,0,0
20190328_02_1,1528189693911,107,0,1,0,0
20190328_02_1,1528189694067,156,1,1,0,0
20190328_02_1,1528189694122,55,1,0,0,0
20190328_02_1,1528189694178,56,0,0,0,0
20190328_02_1,1528189694234,56,0,1,0,0
20190328_02_1,1528189694390,156,1,0,0,0
20190328_02_1,1528189694445,55,0,0,0,0
20190328_02_1,1528189694552,107,0,1,0,0
20190328_02_1,1528189694608,56,1,1,0,0
20190328_02_1,1528189694713,105,0,0,0,0
20190328_02_1,1528189695270,557,1,0,0,0
20190328_02_1,1528189695322,52,1,1,0,0
20190328_02_1,1528189695374,52,0,1,0,0
20190328_02_1,1528189695429,55,0,0,0,0
20190328_02_1,1528189695630,201,0,1,0,0
20190328_02_1,1528189695682,52,1,0,0,0
20190328_02_1,1528189695834,152,0,0,0,0
20190328_02_1,1528189696037,203,1,0,0,0
20190328_02_1,1528189696139,102,1,1,0,0
20190328_02_1,1528189696240,101,0,0,0,0
20190328_02_1,1528189696393,153,1,0,0,0
20190328_02_1,1528189696444,51,1,1,0,0
20190328_02_1,1528189696546,102,1,0,0,0
20190328_02_1,1528189696598,52,0,0,0,0
20190328_02_1,1528189696701,103,0,1,0,0
20190328_02_1,1528189696753,52,1,1,0,0
20190328_02_1,1528189696805,52,1,0,0,0
20190328_02_1,1528189696857,52,0,0,0,0
20190328_02_1,1528189696960,103,0,1,0,0
20190328_02_1,1528189697062,102,1,1,0,0
20190328_02_1,1528189697114,52,1,0,0,0
20190328_02_1,1528189697216,102,0,0,0,0
20190328_02_1,1528189697369,153,1,0,0,0
20190328_02_1,1528189697520,151,0,0,0,0
20190328_02_1,1528189697622,102,0,1,0,0
20190328_02_1,1528189697725,103,1,1,0,0
20190328_02_1,1528189697777,52,1,0,0,0
20190328_02_1,1528189697878,101,0,0,0,0
20190328_02_1,1528189697987,109,0,1,0,0
20190328_02_1,1528189698093,106,0,0,0,0
20190328_02_1,1528189698450,357,1,0,0,0
20190328_02_1,1528189698505,55,0,0,0,0
20190328_02_1,1528189700114,1609,0,1,0,0
20190328_02_1,1528189700165,51,0,0,0,0
20190328_02_1,1528189700268,103,1,0,0,0
20190328_02_1,1528189700421,153,0,0,0,0
20190328_02_1,1528189704383,3962,1,0,0,0
20190328_02_1,1528189704585,202,0,0,0,0
20190328_02_1,1528189704787,202,0,1,0,0
20190328_02_1,1528189704939,152,1,0,0,0
20190328_02_1,1528189705040,101,0,0,0,0
20190328_02_1,1528189705193,153,0,1,0,0
20190328_02_1,1528189705245,52,1,1,0,0
20190328_02_1,1528189705295,50,1,0,0,0
20190328_02_1,1528189705397,102,0,0,0,0
20190328_02_1,1528189705550,153,1,0,0,0
20190328_02_1,1528189705702,152,0,0,0,0
20190328_02_1,1528189705805,103,0,1,0,0
20190328_02_1,1528189705857,52,1,1,0,0
20190328_02_1,1528189705961,104,1,0,0,0
20190328_02_1,1528189706016,55,0,0,0,0
20190328_02_1,1528189706172,156,1,0,0,0
20190328_02_1,1528189706379,207,0,0,0,0
20190328_02_1,1528189719768,13389,0,1,0,0
20190328_02_1,1528189720025,257,1,1,0,0
20190328_02_1,1528189720230,205,1,0,0,0
20190328_02_1,1528189720287,57,0,0,0,0
20190328_02_1,1528189720393,106,1,1,0,0
20190328_02_1,1528189720545,152,1,0,0,0
20190328_02_1,1528189720598,53,0,0,0,0
20190328_02_1,1528189720700,102,1,1,0,0
20190328_02_1,1528189720803,103,1,0,0,0
20190328_02_1,1528189720855,52,0,0,0,0
20190328_02_1,1528189720958,103,1,1,0,0
20190328_02_1,1528189721110,152,0,0,0,0
20190328_02_1,1528189721262,152,1,0,0,0
20190328_02_1,1528189721464,202,0,0,0,0
20190328_02_1,1528189721616,152,1,1,0,0
20190328_02_1,1528189721767,151,0,1,0,0
20190328_02_1,1528189721819,52,0,0,0,0
20190328_02_1,1528189721921,102,1,0,0,0
20190328_02_1,1528189721973,52,1,1,0,0
20190328_02_1,1528189722124,151,0,1,0,0
20190328_02_1,1528189722176,52,0,0,0,0
20190328_02_1,1528189722328,152,1,1,0,0
20190328_02_1,1528189722481,153,0,1,0,0
20190328_02_1,1528189722532,51,0,0,0,0
20190328_02_1,1528189722685,153,1,0,0,0
20190328_02_1,1528189722737,52,1,1,0,0
20190328_02_1,1528189722888,151,0,0,0,0
20190328_02_1,1528189723392,504,1,0,0,0
20190328_02_1,1528189723594,202,1,1,0,0
20190328_02_1,1528189724347,753,1,0,0,0
20190328_02_1,1528189724398,51,0,0,0,0
